0.4
0.96
0.1536
0.520028
0.998395
0.00640773
0.0254667
0.0992726
0.35767
0.918969
0.29786
0.836557
0.546917
0.991195
0.0349089
0.134761
0.466403
0.995485
0.0179785
0.070621
0.262535
0.774441
0.698728
0.842029
0.532064
0.995888
0.0163814
0.0644525
0.241194
0.732077
0.784561
0.6761
0.875955
0.434631
0.982908
0.0672012
0.250741
0.75148
0.747031
0.755902
0.738056
0.773317
0.70119
0.83809
0.542781
0.992679
0.0290684
0.112894
0.400596
0.960475
0.151851
0.515169
0.99908
0.00367819
0.0146586
0.0577751
0.217749
0.681337
0.868468
0.456926
0.992579
0.029465
0.114387
0.405212
0.964061
0.138591
0.477534
0.997981
0.00805949
0.0319781
0.123822
0.433961
0.982555
0.068561
0.255442
0.760765
0.728007
0.792051
0.658825
0.899099
0.36288
0.924793
0.278204
0.803226
0.632215
0.930076
0.260137
0.769863
0.708696
0.825783
0.575461
0.977223
0.0890344
0.324429
0.8767
0.43239
0.981715
0.0718012
0.266583
