0
2.39418e-199
1.51373e-169
4.09243e-152
9.54529e-140
3.73876e-130
2.57331e-122
1.08898e-115
5.98396e-110
6.91557e-105
2.33631e-100
2.91801e-96
1.60253e-92
4.41442e-89
6.75686e-86
6.23246e-83
3.69849e-80
1.48962e-77
4.2566e-75
8.95584e-73
1.43168e-70
1.78618e-68
1.77975e-66
1.44487e-64
9.72524e-63
5.51086e-61
2.66469e-59
1.1127e-57
4.05547e-56
1.30251e-54
3.71803e-53
9.5059e-52
2.19207e-50
4.58831e-49
8.76782e-48
1.53766e-46
2.48687e-45
3.72557e-44
5.19093e-43
6.75215e-42
8.22789e-41
9.42275e-40
1.01719e-38
1.03792e-37
1.00364e-36
9.21913e-36
8.0625e-35
6.7271e-34
5.36556e-33
4.09855e-32
3.00346e-31
2.11492e-30
1.43322e-29
9.36042e-29
5.89977e-28
3.59323e-27
2.11724e-26
1.20832e-25
6.68645e-25
3.59128e-24
1.87398e-23
9.50909e-23
4.69622e-22
2.25918e-21
1.05946e-20
4.84699e-20
2.16479e-19
9.44502e-19
4.02817e-18
1.68031e-17
6.85945e-17
2.74182e-16
1.07363e-15
4.12036e-15
1.55051e-14
5.72327e-14
2.07305e-13
7.3708e-13
2.57332e-12
8.8239e-12
2.97246e-11
9.83874e-11
3.20028e-10
1.02304e-09
3.21412e-09
9.92336e-09
3.0103e-08
8.96985e-08
2.62413e-07
7.53206e-07
2.11911e-06
5.83592e-06
1.57014e-05
4.11565e-05
0.000104688
0.000256969
0.000603923
0.00134481
0.00280159
0.00538888
0.00947504
0.0151827
0.0222989
0.030392
0.0390185
0.0478512
0.0566964
0.0654562
0.0740874
0.0825736
0.0909108
0.0990997
0.107143
0.115044
0.122807
0.130435
0.137931
0.145299
0.152542
0.159664
0.166667
0.173554
0.180328
0.186992
0.193548
0.2
0.206349
0.212598
0.21875
0.224806
0.230769
0.236641
0.242424
0.24812
0.253731
0.259259
0.264706
0.270073
0.275362
0.280576
0.285714
0.29078
0.295775
0.300699
0.305556
0.310345
0.315068
0.319728
0.324324
0.328859
0.333333
0.337748
0.342105
0.346405
0.350649
0.354839
0.358974
0.363057
0.367089
0.371069
0.375
0.378882
0.382716
0.386503
0.390244
0.393939
0.39759
0.401198
0.404762
0.408284
0.411765
0.415205
0.418605
0.421965
0.425287
0.428571
0.431818
0.435028
0.438202
0.441341
0.444444
0.447514
0.450549
0.453552
0.456522
0.459459
0.462366
0.465241
0.468085
0.470899
0.473684
0.47644
0.479167
0.481865
0.484536
0.487179
0.489796
0.492386
0.494949
0.497487
0.5
0.502488
0.50495
0.507389
0.509804
0.512195
0.514563
0.516908
0.519231
0.521531
0.52381
0.526066
0.528302
0.530516
0.53271
0.534884
0.537037
0.539171
0.541284
0.543379
0.545455
0.547511
0.54955
0.55157
0.553571
0.555556
0.557522
0.559471
0.561404
0.563319
0.565217
0.5671
0.568966
0.570815
0.57265
0.574468
0.576271
0.578059
0.579832
0.58159
0.583333
0.585062
0.586777
0.588477
0.590164
0.591837
0.593496
0.595142
0.596774
0.598394
0.6
0.601594
0.603175
0.604743
0.606299
0.607843
0.609375
0.610895
0.612403
0.6139
0.615385
0.616858
0.618321
0.619772
0.621212
0.622642
0.62406
0.625468
0.626866
0.628253
0.62963
0.630996
0.632353
0.6337
0.635036
0.636364
0.637681
0.638989
0.640288
0.641577
0.642857
0.644128
0.64539
0.646643
0.647887
0.649123
0.65035
0.651568
0.652778
0.65398
0.655174
0.656361
0.657546
0.658737
0.65996
0.661287
0.6629
0.665244
0.669277
0.676517
0.68775
0.700827
0.712644
0.722401
0.730591
0.737705
0.744045
0.749798
0.755083
0.759986
0.764567
0.768872
0.772938
0.776795
0.780464
0.783966
0.787317
0.79053
0.793618
0.79659
0.799455
0.802222
0.804897
0.807486
0.809994
0.812427
0.814789
0.817084
0.819316
0.821488
0.823603
0.825664
0.827674
0.829635
0.831548
0.833417
0.835244
0.837029
0.838775
0.840483
0.842154
0.843792
0.8454
0.84704
0.84931
0.854726
0.861349
0.865905
0.869426
0.872392
0.874997
0.877342
0.879487
0.881472
0.883222
0.881685
0.880784
0.878488
0.87871
0.897296
0.851024
0.876976
0.90348
0.769733
0.820274
0.889146
0.856181
0.905539
0.724599
0.779609
0.27557
0.765532
0.858086
0.837285
0.496177
0.855221
0.231835
0.234142
0.295959
0.9019
0.70126
0.896691
0.774678
0.156149
0.48798
0.139463
0.959325
0.842905
0.969107
0.820652
0.471622
0.935532
0.787961
0.486468
0.0729405
0.384056
0.187144
0.292141
0.473541
0.198055
0.782067
