0.4
0.959998
0.153608
0.52005
0.998389
0.0064318
0.0255616
0.0996329
0.358824
0.920275
0.293475
0.829388
0.566012
0.982567
0.0685155
0.255284
0.760455
0.728652
0.790871
0.661574
0.895573
0.374088
0.936582
0.237582
0.724546
0.798314
0.644034
0.917015
0.304394
0.846951
0.5185
0.998629
0.00547825
0.0217929
0.0852716
0.312001
0.858623
0.485556
0.999163
0.00334504
0.0133354
0.0526301
0.19944
0.638654
0.923098
0.283952
0.813292
0.607392
0.953866
0.176024
0.580157
0.974297
0.100168
0.360537
0.922198
0.286996
0.818515
0.594192
0.964509
0.136925
0.472704
0.997017
0.0118952
0.0470148
0.179217
0.588393
0.968745
0.121114
0.42578
0.977963
0.0862048
0.315094
0.863236
0.472236
0.996914
0.0123052
0.048615
0.185006
0.603114
0.957468
0.162893
0.545433
0.991741
0.0327633
0.126759
0.442764
0.986894
0.0517378
0.196244
0.630927
0.931431
0.25547
0.760819
0.727893
0.792258
0.658339
0.899712
0.36092
0.922624
